> my.data
    x1  x2 type
1  0.5 3.5    1
2  1.0 1.0    1
3  1.0 2.5    1
4  2.0 2.0    1
5  3.0 1.0    1
6  3.5 1.2    1
7  1.0 5.8   -1
8  3.5 3.0   -1
9  4.0 4.0   -1
10 5.0 5.0   -1
11 5.5 4.0   -1
12 6.0 1.0   -1
> as.matrix(sapply(my.data, as.numeric))
       x1  x2 type
 [1,] 0.5 3.5    1
 [2,] 1.0 1.0    1
 [3,] 1.0 2.5    1
 [4,] 2.0 2.0    1
 [5,] 3.0 1.0    1
 [6,] 3.5 1.2    1
 [7,] 1.0 5.8   -1
 [8,] 3.5 3.0   -1
 [9,] 4.0 4.0   -1
[10,] 5.0 5.0   -1
[11,] 5.5 4.0   -1
[12,] 6.0 1.0   -1


> is.data.frame(my.data)
[1] TRUE
> is.matrix(as.matrix(sapply(my.data, as.numeric)))
[1] TRUE
